Parameters:
m = 16
l = 1
u = 12
U = 16384.0
B = 1024
n = 34800
d = 50
t = 7
ratio = 2
l = 1
-0.525125	2.570592	-0.288518	0.724081	-0.235957	1.854060	-0.734442	-0.246418	0.259312	1.108425	1.520334	-0.979573	-0.681735	-0.590774	0.591683	0.191900	0.617519	0.125522	-0.224341	0.424796	0.438785	1.558241	-1.046770	-0.233525	0.157845	-0.941589	0.777306	0.755329	-0.074087	1.671468	-0.059738	0.298758	1.427725	1.471261	0.998175	-0.542100	-0.329402	0.009765	1.237355	-1.006723	-0.013652	1.914748	1.079861	-0.124855	1.240051	-0.467305	1.340537	-1.220766	1.540116	-1.678270	
648.238220
0.791020	1.784611	-0.894151	0.219482	-0.171213	0.650867	-0.514560	0.870924	-0.330855	1.609846	-0.712834	1.122688	0.002337	0.097580	0.142111	1.049009	0.572771	-0.492351	-0.162158	-1.249279	-0.658555	0.828966	0.595658	-0.432961	0.342262	-0.235734	0.033003	-0.995735	1.099429	0.079824	-0.292265	1.017851	-0.356059	2.460559	0.400235	0.004964	0.216066	-1.052524	-0.002843	-0.789176	-0.878726	0.590855	-0.734626	-0.395306	1.633396	-2.401347	1.232235	0.266621	0.810115	1.048376	
7918.532227
-0.774071	0.121024	-0.589830	0.835198	1.024519	-0.011019	1.442294	0.950128	0.355152	0.216702	0.763806	-1.805282	-0.537334	0.648008	-0.909064	0.482143	1.852271	-0.744915	-3.269134	-0.889122	1.118211	0.634169	-0.133467	1.489042	0.117995	1.136397	-0.969752	-0.969186	0.811221	0.328409	-0.146472	-0.015797	0.188988	1.934383	1.565845	-0.809386	1.129614	1.677589	-0.536358	0.756079	0.442780	-1.126630	-0.588867	0.519627	-0.511031	1.027022	0.450227	1.498420	-1.102369	-1.130357	
2114.835938
-1.188172	0.541514	0.564739	0.040350	-0.991752	-0.587082	-0.706651	0.646536	0.263874	-0.331666	0.274483	-0.687190	0.228923	1.420745	-0.375071	-0.372634	-0.810162	0.028607	0.873731	-0.415142	0.381286	-0.248516	-1.981993	0.121885	1.606908	0.034301	-0.558294	0.534566	0.146934	-0.157848	0.472381	0.234589	-1.311711	-0.623180	1.055969	0.617467	0.317047	-0.813898	0.729302	0.948706	-0.841034	-0.446782	0.161960	-0.216390	-0.976960	-0.434408	-1.610242	0.898658	0.336472	-1.447860	
630.363647
-0.929834	-0.732377	-1.051610	-0.642499	1.253860	0.877048	0.590809	-0.999660	1.666209	0.680508	2.401879	-1.466472	-0.099940	0.568626	-0.669377	0.149865	-0.390765	2.084239	0.839208	-0.590570	-0.349884	0.400040	-0.015418	2.038615	0.882044	-0.087902	-1.522760	0.586588	0.298753	-1.589669	0.605323	-1.950402	-0.819034	0.891966	0.419825	-0.849525	0.263600	-2.279119	-1.438621	1.948729	0.268940	-0.211296	-1.077891	-1.041139	-0.487654	0.638795	1.530937	2.047743	-0.916275	-0.037040	
7309.016113
1.746433	1.091322	-1.568360	-0.683641	-1.063132	-0.008370	-2.880370	0.578518	-1.112413	-0.636487	0.996502	-0.986110	-0.321878	-0.050336	-0.486297	-0.664364	0.441959	1.001402	0.168949	1.437961	1.664783	0.282224	1.295388	-0.700934	1.292738	1.404760	0.081608	0.470714	0.715300	-0.906357	0.481946	1.831345	-1.759892	-0.164123	-0.829576	1.039929	-1.175522	1.207929	-0.582919	-1.265321	-0.638529	1.250154	-1.711697	-0.875665	1.266723	0.348465	1.230052	-0.665371	-1.588502	1.127989	
4372.827637
-0.837115	0.722351	-0.415034	0.756159	0.637924	0.872390	-0.144859	-0.482869	-0.267634	-0.772074	0.592121	-0.104423	-0.410587	0.155883	0.700108	-0.051250	-1.407891	0.637845	-0.955189	0.034776	-0.189160	-0.701548	-2.126829	0.230941	-1.176589	1.230518	0.146815	1.009206	0.552875	0.403923	-1.600778	-0.010320	0.733429	2.096375	0.783062	0.234339	0.167809	1.794898	-0.125921	-0.649102	0.062172	0.118210	0.096241	2.186804	-0.085350	0.125107	-1.010519	-1.124612	1.757610	-0.374727	
3579.525635
0.498410	-1.234300	1.353741	-0.313287	0.760728	0.802151	2.176519	0.894849	0.587866	-0.294042	-0.112061	0.515333	-0.503323	-0.530370	-0.950889	-0.904639	0.729690	0.216660	1.031440	1.190426	-0.466442	-0.414291	0.349654	-0.913297	-0.276376	0.318166	-0.327459	-3.167016	0.786615	0.127396	-0.158415	0.809743	-0.221235	0.586405	0.074442	0.112015	1.680017	0.978969	-2.450318	-0.450199	0.707877	0.048646	-1.020710	1.375490	-1.871625	-1.474755	0.695506	0.449280	-0.673896	-0.442728	
1155.175659
1.084799	-1.097737	-0.213208	0.833494	0.097032	0.171114	-1.010863	-0.536833	0.513163	0.574854	-0.647205	-1.242368	-0.020541	-1.443465	0.010841	0.216381	0.726149	0.249878	0.898253	0.018253	0.890081	-0.567831	-1.386451	-0.501231	-0.253648	-0.297976	0.947811	-1.249064	0.989650	-0.045417	-1.023608	1.854463	0.474133	1.387743	0.761704	-1.122804	1.192882	0.919848	0.060584	0.004172	-0.560077	1.703463	-0.480418	-0.263380	-0.424523	-1.393843	0.236371	-0.114056	-2.288005	1.079051	
6080.076660
1.239318	2.518476	0.069287	-0.605992	0.425098	0.148979	-0.790104	-0.002793	0.725844	0.429187	-1.704526	0.538886	-0.935538	0.497144	-1.345197	0.941593	-0.581774	-0.528279	-0.418324	-0.006412	-0.921320	3.113564	-0.152557	0.768413	-0.604705	0.618232	0.507936	1.296365	0.787709	0.142863	0.190274	-0.447016	-0.109305	-0.138806	-0.524411	0.656316	1.012026	0.629548	-0.001111	-0.900872	-0.347529	-0.570979	0.399057	-0.697797	-0.523739	-0.458447	-1.554063	-2.075864	0.371360	0.265877	
2870.553955
0.185298	-2.177355	1.950203	-0.016027	0.646678	-0.342055	2.507175	-0.660925	-0.217812	0.379932	0.081933	0.952624	-1.989164	0.807584	-0.470199	-0.713763	0.292559	1.107175	0.912420	0.432632	-0.124405	-0.013397	1.089156	0.889692	0.359608	0.989355	0.372211	-1.163560	-0.075018	0.048129	0.381528	0.178815	-0.127941	0.884717	-0.988082	-0.998770	1.169843	-0.358530	-0.453918	0.248208	0.275818	-0.282075	-0.166387	-1.095009	1.034151	1.517725	1.642111	-0.843554	-0.417448	-0.284562	
6266.147461
-0.762530	1.178512	-1.159836	0.755518	0.352876	-0.889493	-2.154238	-0.716127	0.484282	0.537736	-0.213984	0.155278	-1.552685	0.365080	0.859854	0.405920	0.428302	-0.881703	-0.526235	-0.575876	0.537008	-0.630056	-0.824117	0.504191	0.971497	-1.732051	0.504283	0.176057	-0.411691	-0.096216	0.443799	-0.953814	0.474373	-0.718624	-0.533909	0.830759	-1.355963	-0.011012	-1.000179	-1.297562	0.211654	-1.625544	0.641002	-1.372949	0.010874	-0.471234	-0.585430	-0.491559	-0.232901	0.327446	
2242.760498
-0.551643	-0.014752	-0.223629	0.139456	-0.107846	0.247907	0.311981	0.918907	-1.010420	-0.221737	-0.470924	1.094113	-0.533860	0.242286	-0.256573	1.004455	-2.205767	-0.848634	-1.071641	0.181605	-0.468723	-0.522331	-0.666155	-0.995297	-0.748991	-0.109905	-1.328199	-0.264548	-1.063804	0.440967	0.533800	-0.026572	1.145382	0.865453	0.828262	-0.395870	-1.257552	0.604118	0.793615	0.586418	-0.898156	1.997595	0.357628	-1.769825	0.475125	-0.573166	-0.556765	0.517678	1.029773	0.666031	
6242.506836
0.682712	0.801311	0.466250	-1.122903	0.873572	-0.707791	-1.740360	0.129855	0.788999	-0.052655	0.455926	-0.157605	0.261084	-0.850693	-1.070150	-1.470769	0.503172	-1.379548	1.520737	0.519937	-0.960706	-0.305029	-0.823207	2.471888	-0.176212	-0.250311	-0.560230	0.066662	-0.646485	1.849715	-1.299441	0.110456	0.030205	1.254725	-0.963053	0.065124	-1.401305	0.819540	-0.299509	0.347501	0.019305	-1.748407	1.221720	0.623753	-0.555039	-1.401817	-1.368801	2.785865	0.418942	-1.518039	
2045.015991
1.769423	-1.091721	0.374191	-0.431414	0.596911	-0.295172	0.295487	-0.351184	0.648085	-1.390813	-2.527869	-1.193823	0.686757	-1.825912	0.946992	-1.184939	-1.124915	-0.155594	-0.800553	-0.617390	0.532339	-0.602714	1.816053	0.266721	1.084365	1.053702	0.449321	1.396561	-0.466775	1.326845	-0.553357	0.885989	0.244801	-0.505059	-0.629286	-1.268450	-1.109433	-1.169985	1.222094	0.161744	-0.129894	-1.093123	-1.060029	-0.863253	0.657448	0.577042	1.258813	1.437917	-0.651020	-2.332277	
4955.245605
1.037234	-0.005180	1.930463	-1.886068	0.968559	0.446094	1.048839	0.955825	-0.840986	-0.677602	-0.875448	0.850131	0.446794	0.478921	-0.539113	-0.063445	1.243641	-2.165452	1.893730	-0.624526	-0.405898	0.267695	0.565366	-0.889288	0.957681	0.779774	0.468808	0.455734	-1.407491	0.533590	-1.573497	-0.721515	1.487871	-1.784099	-0.729142	-0.233799	-1.956850	-1.702727	-0.850590	0.287335	1.026708	-0.473557	-0.898904	1.385673	0.680407	-0.268102	0.265102	0.040185	0.797104	0.817994	
7314.023926